distanceMatrix_splined = [
    [0.0, 6.463335987631628, 8.993904245826027, 7.410454230766529, 11.537632196039329, 6.651974399085549, 6.200621131943829, 8.089327431287815, 6.5681502521971895, 0.0, 5.634608219015262, 5.807611976715821, 5.63148750115409, 6.511491605142758, 7.884247224949389, 5.5868306485082995, 6.097750333028162, 6.9226530727142706, 5.8077975902716155, 5.557373285375715, 8.23355689180077, 6.494218373808234, 7.311685659011517, 7.021818044813503, 12.778281371630163, 9.352345465555063, 6.0425760924709415, 8.099084478483434, 6.726067469893452, 15.982479647338405, 7.611827631414861, 5.4129742660334985, 8.939875664148044, 7.692895097357363, 7.772938269040054, 8.57791555359001, 9.267404301578104, 9.079401142706864, 8.425223397058046, 5.849477695059228, 7.747269241866658, 8.669088943178947, 8.607287267981313, 10.868078545612509, 11.496835779573278, 6.794210567265749, 7.348889143899063, 6.267913336452659, 7.177937144111099, 6.413576662771177, 6.839404232574374, 8.961329699330193, 7.0541038931854985, 6.23906855194763, 6.920339015023258, 6.9719340332569955, 6.694829770555119, 8.99403114916646, 8.26852128224347, 8.593758998384244, 6.902757159291729, 7.156949900796524, 7.70645261945969, 7.219650689213329, 7.727964947985951, 7.668097677765371, 7.79506293290733, 0.0, 7.682580171314278, 8.110621866032552, 12.213569646493651, 6.640809537120897, 10.52225303467943, 7.292263531169887, 6.7452015713757625, 7.305825439615804, 7.3470476819828665, 9.046905703629491, 6.373604140709416, 8.496566464636572, 7.053030781482057, 11.355673637312623, 9.522908617836912, 7.698160452115051, 8.879957750698189, 7.876031093811465, 7.240196605193546, 8.993549532128212, 6.464844408573637, 6.946453838233066, 8.388046721611548, 8.11198259917192, 8.26368425500933, 7.235379192796221, 14.178917134786772, 8.368161488309083, 8.805722612271708, 6.247244100796792, 7.579867332420603, 15.895584476493427],
    [6.463335987631628, 0.0, 7.929695289392944, 7.313204420153985, 11.878669868017232, 7.050024337658413, 6.6932086633343175, 8.530727095172315, 7.113442775832068, 8.083662258826868, 5.39949430265213, 5.749783632145498, 5.943551880688333, 6.54841949155, 9.026202676590167, 6.013326729888158, 5.901555596067027, 6.208785577246873, 6.191637982424867, 5.11734319517619, 7.325827664157352, 6.75755299674184, 6.434301009791641, 6.331829238248762, 13.271967944897144, 8.543579598010362, 5.578296521450468, 7.755091265409272, 5.326422946322412, 17.464651448031596, 7.178426287315791, 5.5678439340733386, 7.245474989113036, 7.111927610110096, 6.259329805699245, 8.104405440233894, 10.413978407291875, 9.828819943165607, 6.787109151501491, 5.90568790214034, 7.275976303722505, 9.030312139313741, 8.488598800201768, 12.453392238351, 11.843314087259035, 7.737556374664853, 7.499551202149593, 6.87550773836344, 6.001583588655475, 5.676377339779874, 6.353002698825319, 8.820244726183667, 7.636506518907198, 6.765359281350435, 6.360152234587968, 8.233222305846203, 6.370943585139493, 8.611798288517875, 9.213809525710992, 10.635027721479807, 6.675632685220803, 7.070369427010524, 8.422473464189054, 6.71052639234562, 6.7062451041730835, 7.934570319057727, 6.862062672615207, 8.089737959924179, 8.635880023087758, 7.946324720371388, 13.19807901065319, 7.096857779637438, 8.896266111009533, 6.986760440925904, 6.228151056116552, 7.693928236460044, 6.48002799530646, 8.346081421152276, 5.969802627840966, 8.10493537187545, 7.250517974980452, 12.525461932687273, 10.648597096361879, 7.2028904223016355, 9.029814248612352, 8.106310356893808, 7.46385050020682, 9.858898544523743, 6.862492717862917, 7.964683802346833, 7.808985344983639, 8.242743681686335, 7.7609943994648445, 7.352990109078126, 15.483683368061003, 9.721698362111209, 9.558211236595938, 6.783668435218998, 6.196066519829796, 15.74866389485624],
    [8.993904245826027, 7.929695289392944, 0.0, 8.795716303859171, 13.015235411767721, 8.372118655544433, 8.819192613317826, 10.480677692020652, 8.42283219906164, 9.737429421650855, 7.514795598434739, 7.061195078704069, 7.610189979494194, 9.3500962697832, 10.569345190078486, 9.072759210444806, 0.0, 8.916188104605503, 8.30818362936602, 7.556808158788298, 10.35107141152766, 8.248655135713905, 9.455150214115935, 9.488795727982705, 15.621292187350647, 10.880094471594226, 8.61239760075198, 8.45803943156502, 7.755781081786072, 17.243473077531966, 8.001211192720383, 8.167772258699863, 11.207314924986193, 10.138283821096682, 8.059855510727466, 9.838898389449612, 11.134719594854278, 9.731276134831443, 8.304809785066524, 7.983391324697961, 10.063912470595797, 10.263369518936582, 9.462334773119366, 12.993081226670125, 12.894080843419903, 8.676408085447477, 9.469194834147665, 9.601250265026827, 9.93434971075455, 7.888565017681849, 9.402673205673729, 10.886245239978436, 8.541923410215858, 8.93899554502395, 8.649171393777985, 9.051006559121504, 9.140703739096562, 12.58639073678407, 9.415361882656429, 10.619044324458468, 9.400966287445911, 8.037440174994781, 9.17312573900702, 9.51651838549528, 10.15201086170681, 8.7037917789493, 10.472593741512572, 7.701285986552069, 9.278285303075217, 10.798831445298138, 13.662399415106245, 9.209541123885108, 10.001618370560756, 8.687525066563692, 9.017903682254847, 9.882336850685828, 9.169224685396506, 11.558988205188484, 8.382303779511801, 11.409631844508695, 8.660006165243022, 12.241373735955882, 10.62276548693295, 9.175696350064944, 9.265124816542409, 8.775451728852643, 8.597787500565826, 9.788692683737022, 8.635142289343747, 9.179229782637643, 10.878165599634109, 9.513769388217996, 10.695127266530017, 9.536745223247639, 17.074349177653232, 11.724809532135254, 10.219455711926054, 10.444845291072667, 9.410653964443686, 16.764299552783832],
    [7.410454230766529, 7.313204420153985, 8.795716303859171, 0.0, 12.025918900538414, 6.746910099011236, 4.817078679008074, 7.919311800792041, 6.8488023237273925, 8.7568376755951, 5.269350296531835, 5.856033191202283, 6.59250913348229, 7.165958390446759, 8.479410707264275, 7.020305033137223, 6.75161142116359, 7.243936316338697, 6.884295149071671, 7.213565620431018, 6.200612016677063, 7.442259095767993, 7.816248899350379, 7.207640563765034, 16.97623284437616, 8.30362824273149, 7.243620775311746, 8.148854686948571, 6.236185591657525, 16.750520572317743, 8.172932687486853, 7.385925007793883, 8.021188939956332, 6.6357770104722995, 7.644681866162868, 8.358992520033075, 8.842538876301665, 10.049723261567197, 8.00107491295224, 5.708435923229013, 7.628496810352061, 9.019216393976865, 4.732793454577278, 11.678606908035515, 10.98995406357663, 7.34712325762159, 7.629996118503746, 6.721056546733152, 6.5026693971005525, 6.16787599109442, 8.4543372878345, 6.97387125019664, 7.017078695876187, 7.703850941570542, 5.932307555860172, 5.9674483003628085, 5.718819054920824, 8.543244064698127, 6.792120148027925, 9.606772807650977, 7.76344675214151, 7.369864963761134, 0.0, 7.874824322555477, 6.516394541117526, 7.778232929864236, 7.1270981684057615, 8.973146874885261, 6.915293626558757, 8.036932627706735, 9.716099950684239, 6.8027571272761485, 9.668151595563643, 5.990208145808451, 6.562811473509822, 6.70925372923104, 7.535484189101228, 8.017601697260778, 6.144640314809735, 8.369791452918184, 8.606884539450729, 11.590977507954477, 9.072496549730742, 7.43750555064528, 8.472725798211622, 6.5032956894443, 8.721464289769058, 8.296673592596603, 6.20536346846959, 8.27179414711372, 8.181785611962724, 6.012758762361382, 8.302871807548014, 7.726851947870285, 14.09389174056946, 9.32769166781578, 8.693979269851926, 7.078769025252088, 7.548933951427638, 17.61831686251981],
    [11.537632196039329, 11.878669868017232, 13.015235411767721, 12.025918900538414, 0.0, 9.794712939388715, 10.825908483832823, 11.224830752432212, 12.27942543471945, 12.54997520420264, 11.001109859309251, 10.092533676653613, 11.708906848380074, 11.679069896621783, 10.532573407205216, 13.348175811619729, 11.76115842573901, 10.146789754766715, 12.109863035115495, 11.205797141597511, 12.17275264017398, 12.425889530836915, 13.237188115636865, 12.672954842975454, 22.850223769856573, 12.520163257649598, 11.772014247569214, 9.835184011269696, 12.44060038597575, 21.138256709633666, 12.102999067463664, 11.39451572323689, 13.566335889568073, 12.271731110180397, 12.289552069963333, 13.37896709398752, 13.004751744239659, 10.494512567564982, 12.645291483088787, 11.708013260329267, 12.965712673544335, 10.984267828947072, 12.954967641556085, 10.330955026446413, 13.086190281808628, 10.656723090007066, 11.737374012164704, 12.982904457248726, 10.687916254704762, 11.614739387709431, 12.084204073534003, 14.082591650204147, 12.590747319222512, 13.799322221617741, 11.676136629978613, 11.826555174635121, 11.892542241842968, 12.744583003523678, 11.807200222332726, 11.858451467089477, 13.01288960392964, 12.141546335445573, 12.533684833503898, 13.444418655302409, 10.722527722418086, 11.054390463088229, 11.219414750932241, 12.503155778822606, 12.005313134767217, 11.098000010927203, 18.608749623478186, 12.330949834448813, 8.875130353069768, 11.782717666130623, 10.562090018702456, 10.876993522142618, 11.53358622373181, 0.0, 11.483990695998843, 12.745793353511297, 11.419182099398567, 11.52841522354431, 11.686076576952019, 11.1256878779749, 12.512105500629705, 10.615516101404374, 12.381698954802452, 11.06528456402464, 11.581730477052966, 9.641370343657757, 11.764046757172565, 12.846724022285477, 10.118356523585618, 11.101229034476594, 14.885920361001318, 13.884215999243045, 11.648990071835005, 14.543289749353967, 12.616222003850476, 29.810852643267683],
    [6.651974399085549, 7.050024337658413, 8.372118655544433, 6.746910099011236, 9.794712939388715, 0.0, 5.763659567247842, 8.296875819443281, 7.927160996224622, 8.367068750878861, 6.588690225166688, 5.824354289889962, 7.215091592366383, 7.628906767798435, 7.538102813411591, 7.496621506024051, 6.54584312049589, 6.6382937534497515, 7.296517925013779, 6.428835560617527, 8.260834406983914, 8.081080758015231, 8.7987683309156, 7.382850860863219, 14.110654123912916, 8.453054358102595, 7.818022014482011, 6.463142011122864, 7.513457437389747, 14.6887912192418, 7.800629187575355, 7.17738162052164, 8.954103196391474, 7.732200770519199, 7.786367426954161, 7.583917042023144, 8.904879597927426, 8.46594922014538, 7.601680065473801, 6.796379054149115, 8.02417147270948, 8.274663475556835, 6.942016515818885, 10.751305822359752, 10.951285895097412, 6.527190087989831, 8.489987117486345, 8.306127774397709, 6.594820217913486, 6.162173044803561, 7.579030148076237, 0.0, 7.914054978031634, 7.467579184339502, 6.204902271220591, 7.665920869531508, 6.99645156968159, 9.213154067771928, 9.034620751392149, 9.731284407902795, 8.050866980768678, 8.354199992068356, 7.1705953614261215, 8.656950126046647, 6.507574258648985, 9.024945691085387, 8.082195382826761, 9.454927709953708, 7.78146464791194, 7.5174235873928446, 0.0, 8.210866011830912, 7.259221208834295, 6.686922589920611, 6.138426556263573, 8.278497846376947, 7.269766853054122, 8.87897254888146, 6.8727825662496365, 8.215392658377947, 7.411698625513377, 11.622814175290813, 8.75522414643419, 7.257523696218859, 7.769827593068339, 7.832252611387146, 7.8897748172503, 8.605585444736263, 6.940949673004682, 7.299348777048776, 7.721043169597201, 7.095134144852944, 8.328635420850143, 6.347904938232297, 14.15418651149064, 8.639534333614302, 8.581463564909457, 8.273166465444, 8.337871050200494, 17.254554333650308],
    [6.200621131943829, 6.6932086633343175, 8.819192613317826, 4.817078679008074, 10.825908483832823, 5.763659567247842, 0.0, 7.463147017062481, 7.182165820674479, 7.448944790620752, 4.766560132883461, 4.779784273298418, 5.771841570248213, 6.228684876224344, 6.439422619141805, 7.227418972892799, 6.185817420910681, 6.162002905050212, 7.064604022191279, 6.509750412049961, 5.312733362238314, 6.368684083566572, 7.391302218180895, 7.567155322433442, 16.456479409669363, 6.864726818800662, 6.110625227914693, 6.657212300407552, 6.426987931028188, 15.061288564133894, 7.492563032800948, 6.491062690746627, 8.020694096803226, 5.924450486625907, 6.43120862879722, 8.23779163843466, 8.063452930783434, 8.429787114203537, 7.905208999840564, 5.403477674829897, 7.057832241357813, 7.748733818587354, 5.44088895705926, 10.462724506227627, 10.520795444374802, 5.978338670608945, 7.758300553383079, 6.907271564954514, 4.979516966911069, 5.641981065607755, 7.208344261960342, 5.750650353350919, 6.970474320167044, 7.384995147758868, 4.874742613609884, 6.008543086131171, 5.474928600762301, 7.302394284652209, 6.534401257726946, 8.642260365257691, 7.017104284708726, 6.638311383064899, 6.465757997910028, 8.34422724465751, 6.326784741842191, 7.650438573448614, 6.200577835142079, 8.679831278958872, 5.797959747059368, 7.241911877838751, 10.258261307122577, 6.9740651116400905, 7.377161176896249, 0.0, 5.494885508232558, 6.2811157407244735, 6.923347846482662, 7.4007949369015655, 5.752902812509296, 6.488929986696904, 7.569615583361866, 10.547734815264658, 8.377754334336355, 6.592213545193222, 8.849018398495154, 5.84117739047756, 7.218100397018306, 7.621319291781042, 5.77761170788078, 7.257529706832672, 6.261086717457132, 7.177118155223247, 6.9307110080868695, 5.524179015260111, 12.77052701730961, 8.156820091780535, 7.72990150206803, 6.9667747230149235, 7.438427785195212, 17.383360444754075],
    [8.089327431287815, 8.530727095172315, 10.480677692020652, 7.919311800792041, 11.224830752432212, 8.296875819443281, 7.463147017062481, 0.0, 8.562702913013151, 10.811048696023414, 7.108398602623211, 7.16431894993981, 8.018936366853579, 8.583170127505287, 9.081302693245702, 9.007875414262326, 8.401899435620768, 8.504919354796355, 8.348316514077972, 8.351619692605501, 7.028617799985644, 9.531771395353966, 9.496289702152682, 9.547428456249673, 17.898573847660046, 8.97922069789878, 9.119662086558588, 7.886719787569797, 8.286938910298142, 16.03830873969639, 9.26709239729528, 8.36129463098885, 8.208178691270172, 6.883732937180813, 9.454185359981796, 9.264577995302389, 9.336747273415144, 9.687286371414089, 8.261270759135828, 8.169785389602922, 8.12835979225144, 8.42204260991639, 8.380060766851267, 12.036987766521877, 11.611921689272112, 8.195483365570412, 9.21323509938325, 9.403757187456858, 8.252476078099669, 8.327176310725562, 9.102356959281721, 8.946930764158338, 10.202383409916132, 8.74693384488516, 7.156379432004741, 8.402839484616516, 7.542982963496567, 9.600454457809068, 9.547160175318588, 10.367006911042335, 9.67006637407565, 9.611221721738378, 8.824211253055907, 10.656642692219137, 8.822425615005344, 10.37901650201648, 9.358712176273922, 10.651666182495394, 9.812919228181611, 10.298635066703994, 14.530209228164576, 8.886513455132402, 10.244210514418768, 8.128941496608606, 7.419384615875726, 8.514887139362688, 9.081977252834264, 10.093448537845545, 8.305989413150126, 9.673394918392686, 9.393646519843045, 13.02325941702843, 10.828950882691139, 6.0922421204344435, 10.56171919910533, 9.65370389497869, 9.424549362837094, 10.32338233550101, 7.798909735997471, 10.014323980903693, 9.524949707633096, 9.677920802355061, 9.119429229386673, 7.518708811177655, 14.146824866032977, 10.867517770415475, 0.0, 8.312691887161094, 9.357279343994614, 21.034821144558528],
    [6.5681502521971895, 7.113442775832068, 8.42283219906164, 6.8488023237273925, 12.27942543471945, 7.927160996224622, 7.182165820674479, 8.562702913013151, 0.0, 7.055505211453266, 5.23882197374238, 4.868938056273841, 5.723814654866222, 6.370364467495457, 9.60830211359416, 4.899157296844259, 6.449270949785511, 7.736692599701653, 6.440863769025253, 5.935524246124868, 8.124730561270955, 7.133007088766485, 7.697431607481189, 5.690505032193279, 14.850651691228947, 9.46933987154442, 7.184696525849699, 9.107001747725574, 5.369037151534683, 16.452204702085627, 6.343674589583072, 6.457659617909364, 8.557098373197634, 7.2576920799765325, 7.025626369261225, 7.168991100044134, 9.909183077664444, 9.716553198432798, 7.444967709878304, 0.0, 7.361301801607231, 9.814651522895401, 7.681259465563721, 12.56543597673015, 13.561637118344981, 7.48698976774876, 8.162197341700246, 5.596240202831078, 7.282213094917212, 5.857694350479485, 8.090046821450898, 9.331492025865629, 7.523127908388758, 7.54378623529675, 6.299718095777081, 7.9248933119280505, 6.732729982357242, 9.680456278545577, 9.000001609541748, 8.906824555022876, 0.0, 7.104707945222968, 7.9005419468818605, 7.171252847450779, 7.983152141233883, 0.0, 7.704822534840558, 7.262621576564674, 6.853078963371166, 9.495713920285148, 11.923137372808217, 5.448552291784474, 9.942280943128695, 6.897122850313558, 6.908234370604832, 8.33107346729836, 7.029449877382825, 8.884584097009766, 6.655836838961038, 9.072248696477548, 7.222919037335986, 13.403540287018561, 10.629557907865909, 8.035918346332853, 8.36420641920263, 7.892612177905259, 7.794704437246047, 9.16494834132456, 6.4366795435425015, 8.042207090869077, 9.296561878689047, 7.92940444239214, 8.973160060841183, 7.636162923435933, 16.36799323312529, 9.332282800089631, 10.054945211390734, 7.024779264523964, 7.275494612961537, 17.272019349161738],
    [0.0, 8.083662258826868, 9.737429421650855, 8.7568376755951, 12.54997520420264, 8.367068750878861, 7.448944790620752, 10.811048696023414, 7.055505211453266, 0.0, 6.435028328749707, 6.748168979995987, 6.6140748060489685, 7.514270712563565, 9.400634214564892, 6.6832878912186935, 7.596736695870362, 8.619171053327511, 8.035626272394397, 7.3559015050115155, 8.808131935451676, 7.663545064715851, 8.21257887898947, 6.4703054339998545, 14.866626132985017, 10.267565547996936, 6.061803899915597, 9.345967346589358, 7.825002948219212, 16.359148293458432, 7.952194645437817, 6.507109464213345, 10.259535630549173, 9.396346098631604, 7.803903104118504, 9.164312610192386, 11.243641890989409, 10.077549752795871, 9.360337704974858, 6.549875459916118, 9.465145772246954, 10.664772501505034, 9.844473409803662, 12.515419179347038, 12.943400512607393, 8.675955629913993, 9.23737201376428, 6.731774274859255, 8.271277219448487, 7.344468536815021, 8.387349269127746, 9.636809536116555, 8.660569815141105, 8.227723776767997, 8.042232672066085, 9.04628155480765, 8.066014992698218, 9.378739518546555, 9.053672408172476, 8.087282923014229, 7.251751088221482, 8.328444712093473, 9.520084894728264, 7.090419968150937, 8.576739325958243, 8.817550837982164, 8.74493819685546, 0.0, 7.561723612508482, 9.245644532989461, 13.933471163991486, 7.303210849086106, 9.93258594370816, 8.787664713189963, 8.436019463307536, 7.955669579529934, 9.392645850843198, 10.02159383450837, 7.768507750071441, 9.448267931912207, 9.386923192602877, 13.15425917292617, 10.081886047474713, 9.225322723898245, 10.53859622519949, 8.404094501487636, 6.933257375995838, 9.262675960689954, 7.670327005245545, 8.639468719798598, 9.495819869947278, 9.892018033939955, 9.680734776652024, 8.323173733088915, 15.018277845087045, 9.176073872841274, 10.193792773923189, 8.122559648232485, 8.77753426454806, 15.42845547809469],
    [5.634608219015262, 5.39949430265213, 7.514795598434739, 5.269350296531835, 11.001109859309251, 6.588690225166688, 4.766560132883461, 7.108398602623211, 5.23882197374238, 6.435028328749707, 0.0, 4.092470684239455, 4.696253739640588, 0.0, 7.831104925634174, 5.069940161107475, 5.2243805926162725, 5.193828579671128, 5.4756547269277345, 5.336947003245033, 5.757232086115019, 5.846938824784731, 6.005610671305044, 6.193575147579707, 0.0, 6.614231225912823, 5.391998331491131, 6.808039207732511, 4.820188860343913, 16.471745126728784, 6.3300672824837285, 5.3606206003195185, 7.274263915306327, 5.86866805613615, 0.0, 6.664658080317517, 8.474492828943522, 8.557872079561719, 6.900764092204083, 4.261787669104256, 6.500781239460391, 8.37647936861709, 6.5766190638590825, 11.467104403694476, 9.928140113227995, 5.577127182636232, 6.661459199573466, 5.676799176036749, 4.079390120153518, 5.181153557504874, 6.617892913677988, 6.892392161286114, 4.962973256720599, 6.5822478063127425, 4.7115265715838035, 6.121435619289748, 4.747284586086156, 7.1057553980142565, 6.260153338938586, 8.541888042616447, 5.579656558731298, 5.95735183913522, 6.490409962918258, 6.935233118577171, 5.111767261156616, 5.932624883893789, 5.58306363762494, 7.2734180257626875, 5.719580418727455, 6.671325036862802, 10.08988773743507, 5.947331080589525, 8.43831287173674, 5.72705289902786, 4.494607537645602, 5.886415438410895, 5.621276416334541, 7.522104301975583, 5.091128159160934, 6.540535858296849, 6.371608430905217, 10.409473398255875, 8.61830850572877, 5.51126278069191, 7.662973922827657, 6.640281917695544, 6.305432980381602, 7.59491961697792, 5.169576279619142, 7.383193754061697, 6.244116583261119, 6.608771409549359, 6.478956836228413, 6.371751981412168, 14.896906145719852, 8.270429280020483, 8.05162027912591, 5.113032753002351, 5.8963974217029715, 15.833176801090339],
    [5.807611976715821, 5.749783632145498, 7.061195078704069, 5.856033191202283, 10.092533676653613, 5.824354289889962, 4.779784273298418, 7.16431894993981, 4.868938056273841, 6.748168979995987, 4.092470684239455, 0.0, 4.818236548322836, 5.373862293460249, 6.829622055527737, 5.6579184422704945, 4.689114000480373, 4.921173734417371, 5.434105265438231, 5.161936326802995, 6.051538338684159, 5.992990403969674, 5.770492144414317, 6.499742094616062, 13.823213275850533, 7.078352489998374, 5.367668704930558, 6.781369709161458, 4.383013914318338, 15.185807983458123, 6.114513749979431, 5.097970814192133, 6.9546629512727325, 5.746070191882673, 5.541255845029951, 6.665051458786346, 8.272227774977434, 7.7034123030123505, 6.668102726784368, 4.1345095972265975, 6.792336129536315, 7.382858662892697, 7.044066454575729, 9.76626463279821, 9.701865910284093, 5.640330535569058, 6.174652291783085, 5.143892987964424, 4.878083136083733, 4.594117190662149, 6.462075188208338, 7.417511830030516, 6.059131391712177, 6.207363205669978, 5.024439288329857, 5.537290290553049, 5.029149449561481, 7.023834198852593, 6.323772982056592, 8.497287059991015, 5.259209252052996, 6.043005684470433, 6.6786577615479175, 6.803780573506725, 5.1734487096520505, 7.094392803742384, 5.820974217484892, 7.018525753086848, 5.471579191418721, 6.022513060164762, 10.547936745170329, 5.994552534931957, 6.433754263853454, 6.231559445954205, 4.745897774867429, 5.965543963160051, 5.549643637628318, 6.432508433400246, 4.744249768525402, 6.7332683466616015, 5.92636354868448, 10.393875970552159, 8.426938196865622, 5.772952426399676, 7.0240230437670395, 6.469341191147652, 5.9875634656843015, 7.499006423002797, 4.272302953283525, 6.627778619972974, 6.410117085206125, 7.021387753824626, 6.440988242770507, 5.622307796126842, 12.446033824781043, 7.994441054491244, 7.7205452395317735, 6.052513484520196, 6.248102992483817, 16.858688564018827],
    [5.63148750115409, 5.943551880688333, 7.610189979494194, 6.59250913348229, 11.708906848380074, 7.215091592366383, 5.771841570248213, 8.018936366853579, 5.723814654866222, 6.6140748060489685, 4.696253739640588, 4.818236548322836, 0.0, 5.004924048995207, 8.325628450818876, 5.376917550931827, 5.958310395880957, 5.895654645032344, 5.544158923584974, 5.102943555056626, 5.83918375671513, 6.262329902697507, 6.29989036947401, 6.6880157011855275, 13.750145926341713, 7.881956585746785, 6.588202033517286, 8.341937742238724, 4.467500896516212, 16.834928210000882, 5.552792608050371, 0.0, 6.531935785302731, 5.740761899226149, 6.167406634415139, 7.738170754493522, 9.103800285719014, 8.709440221682316, 7.020089068691041, 4.681415336621701, 5.833875325461461, 8.897948429277664, 7.499215068751534, 12.048774308993261, 10.373847410046857, 6.034806254207458, 6.871150220714867, 5.219065692501077, 5.3912140745099615, 5.707646329735127, 7.073380693782584, 8.271429384979765, 6.093744484844251, 6.1889019694740695, 4.77200265454169, 6.434601521265662, 5.052624481250753, 7.896426433487585, 7.940632741353403, 8.70208783741733, 4.838134094887582, 6.315866826862712, 7.111657813453748, 6.338699874605506, 5.342913073693372, 7.712317113407747, 5.845385049330504, 6.550728533011961, 7.307764636538324, 6.51171049332943, 11.133202693169228, 7.038451562489339, 8.25415639537612, 5.782129873586957, 5.234734956047026, 6.7189801169293775, 6.653828791993838, 6.829970464035496, 5.569509783175706, 7.668009171719527, 6.629794907356644, 11.429414035286491, 9.452410689767568, 6.025146798435385, 7.625692903669359, 7.916082314894453, 6.335430306590522, 9.123111929656474, 5.354812056911506, 8.287401566295062, 7.3082191896988675, 7.641561161193359, 7.291451748956913, 7.626375518148696, 14.340667834130658, 8.04723445695656, 9.06361171639696, 6.85835711295981, 6.021367357395757, 16.562764265090365],
    [6.511491605142758, 6.54841949155, 9.3500962697832, 7.165958390446759, 11.679069896621783, 7.628906767798435, 6.228684876224344, 8.583170127505287, 6.370364467495457, 7.514270712563565, 0.0, 5.373862293460249, 5.004924048995207, 0.0, 8.365195519678037, 6.64056851478445, 6.535468407523173, 6.8564883449627345, 6.33520887182634, 6.05538570378801, 6.685757259763589, 7.047913439474651, 7.3019695530374555, 7.310373258880505, 0.0, 8.344637699986905, 6.379253460327369, 7.620857900246983, 5.777979844604378, 16.27757642224754, 5.944410729377308, 5.893671800675541, 7.54109819197228, 7.13676932275125, 0.0, 8.531248276955097, 9.438481622616457, 8.661404287626608, 7.6377221834064795, 6.51016451463229, 7.068527348388585, 9.401897741675576, 8.613305407595037, 12.115649067565624, 11.206412652381971, 7.210111529637915, 8.098184264115527, 6.014701039016103, 6.565140350389687, 6.793352821625035, 7.20339115441219, 8.692478079733846, 6.514695385693683, 7.469611149938078, 6.786508568534463, 7.005343090427052, 5.556083050053932, 7.964372192641775, 7.145872908039047, 8.86901479429869, 5.433628349405578, 6.85277172041128, 7.279347646768075, 8.256073670457658, 6.620136699379531, 7.264873521424048, 7.558096688925183, 7.882707094333383, 7.694106220226306, 7.445519706057341, 11.946338088368439, 6.202654727495956, 8.460646300348897, 6.878923104502412, 5.798427768719182, 6.8758874071690474, 7.009157330902399, 8.21305292142187, 6.043452440942731, 7.238347688946218, 6.885064533757859, 10.960330415831061, 9.667688645028303, 6.230592338543984, 8.232438385786057, 7.833585987905174, 7.039381425318987, 9.525761200042814, 5.693524905394867, 7.357335035196316, 7.4713981971844134, 8.6281474574809, 8.287450808291752, 6.710880923490687, 15.140544811445572, 9.039090663660742, 9.4226777434083, 5.905951621809973, 6.85611945425428, 17.27816907652826],
    [7.884247224949389, 9.026202676590167, 10.569345190078486, 8.479410707264275, 10.532573407205216, 7.538102813411591, 6.439422619141805, 9.081302693245702, 9.60830211359416, 9.400634214564892, 7.831104925634174, 6.829622055527737, 8.325628450818876, 8.365195519678037, 0.0, 9.431558485255973, 8.14267294317093, 6.981027459271926, 9.259038891552361, 8.382511806976556, 9.50334476381525, 9.216495197239835, 9.436912320549684, 9.80239013222143, 23.870725253445904, 7.551403235899441, 8.120519708065487, 7.842164834885312, 9.299268922023847, 20.94850679142027, 8.998230252859871, 8.594256597892368, 9.690833525317597, 8.039487034853702, 9.424054579400467, 9.6706094881186, 10.237377891286489, 8.643685168194171, 9.706862493427083, 7.857041703512099, 9.318168026671103, 8.329770005903127, 8.695669853642435, 0.0, 8.46941786893468, 7.948916013969581, 8.514385393090471, 8.802712574631103, 6.216960805768454, 9.074894946844841, 9.538815338102866, 10.052870771410836, 9.727006462376302, 9.701820180882075, 8.034777718619402, 9.142351613605328, 8.490828208659616, 7.277829446674556, 7.3614046111491795, 9.682128407356547, 8.942283373094577, 9.464890279283473, 8.653287960584134, 9.716590681212622, 6.3449726826801465, 8.478947707732754, 6.96492556674031, 10.137249688935167, 7.131101558414716, 6.478026123402611, 14.936279952518266, 8.629745394025342, 6.536320555164859, 8.516715072663363, 6.824090258065227, 7.41106888189875, 8.369734140025113, 7.2286389254592995, 8.533519129951255, 7.471940805107446, 8.277125088260032, 10.404073277719384, 9.754050178477652, 7.151742840879384, 10.182044211406318, 7.437948918680691, 8.662915133324447, 7.789007442973256, 7.384409012944566, 7.3456400350309226, 6.753702039905853, 10.270547485355314, 6.6735656717262, 6.793700062601657, 10.834269176383362, 8.791715896275935, 9.132506163906548, 10.276542431013295, 9.552152254906046, 27.58295291877928],
    [5.5868306485082995, 6.013326729888158, 9.072759210444806, 7.020305033137223, 13.348175811619729, 7.496621506024051, 7.227418972892799, 9.007875414262326, 4.899157296844259, 6.6832878912186935, 5.069940161107475, 5.6579184422704945, 5.376917550931827, 6.64056851478445, 9.431558485255973, 0.0, 6.2778430919284265, 7.132699539591482, 5.532899476137937, 5.821509296507009, 7.2222141335899845, 6.583239171849783, 7.260349486501448, 0.0, 15.001347254163491, 9.42514774784604, 6.083547630903606, 9.099231485209419, 5.470216089184973, 17.209393309778044, 7.040604567808502, 5.86017551612246, 7.7721998168264115, 7.054579224615351, 7.06855574914808, 8.471673297501795, 9.966728351363962, 9.875468381614251, 7.319628557401252, 4.701423070654066, 7.3511684489156846, 10.537487843408051, 8.91201079716005, 12.868950090605976, 12.98747281575095, 7.014733996730902, 7.891026679515036, 5.266396350800267, 6.789377539030742, 6.662033996594723, 6.953631848011836, 9.422090103526399, 6.8479716823471755, 7.110088753963636, 6.620521362405337, 7.2588524401174235, 6.245527349703746, 9.490633851997748, 9.21823845633202, 8.926623858821126, 6.820916690804953, 6.863987307110669, 7.286994725324474, 7.013041453023067, 7.131364078473482, 8.724110945588391, 7.459879526999198, 6.81159414846307, 8.338611630424179, 9.01615230237882, 11.806960523999468, 6.43885343643441, 9.97826238357327, 6.477301369113586, 6.426937616450083, 8.128595023763534, 6.712300482739353, 8.238812816819898, 6.100488896250188, 8.68776186986874, 7.453880861747747, 12.676042109620598, 10.374946399028332, 7.82984768698085, 8.752268372871587, 8.428643179083855, 6.716957544232219, 9.842610226790509, 5.942883395225972, 8.609527333932515, 8.565108523432054, 7.570978195685429, 8.517606009198719, 7.972477379602134, 16.364842636862555, 9.11278512976647, 10.55301886852767, 6.763472924945445, 6.681196864930634, 15.102655975185236],
    [6.097750333028162, 5.901555596067027, 0.0, 6.75161142116359, 11.76115842573901, 6.54584312049589, 6.185817420910681, 8.401899435620768, 6.449270949785511, 7.596736695870362, 5.2243805926162725, 4.689114000480373, 5.958310395880957, 6.535468407523173, 8.14267294317093, 6.2778430919284265, 0.0, 5.84587167916944, 6.164159187773057, 5.781606417772855, 6.9277513316219, 6.43321081788566, 6.52467963528402, 6.778807987931982, 13.667704924460919, 8.424340917674117, 5.98704292196371, 7.224852458071304, 5.945412916840011, 15.534564142126282, 7.073294064268076, 6.3867429168331835, 8.091728770574708, 6.453226610170178, 6.959023199975776, 8.18927545019186, 8.791023858974688, 8.3987933932967, 7.488927370350705, 5.797505304256667, 7.030407174764726, 8.457349253357647, 7.695223211358558, 12.173082594892088, 11.285417614948262, 6.604109234060977, 7.076406340354305, 6.803934131091992, 5.842129072298716, 5.927368160947353, 6.494447121247348, 8.684230405959472, 6.954992326500987, 6.634937945421768, 5.59445377479312, 6.845526695285287, 6.026259549012893, 8.383898795505086, 8.236080244258314, 9.14772853714055, 6.743847306001186, 6.5376981808856005, 7.468479388909943, 7.504032880351366, 6.2700421235816295, 8.28530376489582, 6.830694264312558, 7.450690425698649, 7.21785823366357, 7.323508903056773, 11.963551712505247, 7.119245808692392, 9.164485104819589, 6.477573667497367, 5.588893235044675, 6.877910722272757, 6.278658818062698, 7.588124957884421, 6.160707751631788, 7.547502466025936, 6.788517540056314, 11.994600252686542, 9.457966055602338, 6.760388350459417, 8.330229485485628, 7.626699647244054, 7.025479952681543, 8.734856256022216, 5.847059467549741, 7.160044717931692, 7.630179547644032, 7.735520021860019, 7.3871408229674245, 6.450033459031758, 15.349337854551248, 8.310078967882742, 8.920114068892383, 7.291227439002156, 6.623273117848644, 14.396753744002323],
    [6.9226530727142706, 6.208785577246873, 8.916188104605503, 7.243936316338697, 10.146789754766715, 6.6382937534497515, 6.162002905050212, 8.504919354796355, 7.736692599701653, 8.619171053327511, 5.193828579671128, 4.921173734417371, 5.895654645032344, 6.8564883449627345, 6.981027459271926, 7.132699539591482, 5.84587167916944, 0.0, 6.464594159634502, 6.450358559760043, 6.582524944337052, 8.394950474783863, 7.364800259418928, 7.878317992654594, 18.518706386445285, 7.93662239383352, 7.887852937079792, 7.41995708637013, 5.5859147742338084, 20.148773001490408, 6.901346949790954, 5.624922224854742, 6.3286538421221845, 5.951795326848471, 6.594363088213311, 7.966628443706528, 8.426949989018787, 8.282523453409562, 6.103452067297271, 6.211642648272846, 6.097509275553657, 7.837988820943341, 7.32329363209192, 10.674675519230242, 9.735620663340445, 5.826394089171717, 6.726550523336979, 7.632935965110207, 5.05841566951316, 6.4638287567656025, 7.819590323887687, 7.401217070910011, 7.723858669394839, 6.774168023168773, 5.27643716614978, 7.66304166959819, 5.962182867165464, 7.7463707579956536, 8.608049064247142, 10.147834588978043, 6.6453700846785555, 7.779991055639035, 6.795945731075489, 7.725383938538755, 4.613863573747717, 9.448530638238555, 5.985211534288149, 8.309381162326831, 7.844105440270459, 5.749344273746258, 15.258186720666348, 7.742518509514806, 6.443142895538604, 5.966319400736441, 4.710520435542993, 7.443020576106553, 5.512980467277976, 5.528504952808945, 6.062228270182565, 7.027857598529705, 7.458056003495303, 0.0, 9.68841489436833, 5.916820653046747, 7.954973521513313, 7.643432256218288, 7.360265682157319, 9.444531227473957, 5.99294057581948, 8.980309184974681, 6.418275852897528, 8.456189642446802, 6.523494153356327, 7.790895652198185, 12.218984100317291, 9.784830925905975, 9.042747385343866, 7.3809482152454216, 7.032118000011867, 23.681320451607654],
    [5.8077975902716155, 6.191637982424867, 8.30818362936602, 6.884295149071671, 12.109863035115495, 7.296517925013779, 7.064604022191279, 8.348316514077972, 6.440863769025253, 8.035626272394397, 5.4756547269277345, 5.434105265438231, 5.544158923584974, 6.33520887182634, 9.259038891552361, 5.532899476137937, 6.164159187773057, 6.464594159634502, 0.0, 5.207450043950083, 7.281294801374349, 6.224087839375081, 7.124643364412386, 6.685527738496809, 14.622031484460408, 8.846551082854232, 7.0745408867872595, 8.135456715810681, 5.785328494456699, 17.070597695850843, 6.579572990722475, 5.962595595772353, 7.168916539273237, 6.650371668865972, 7.1728730746030935, 8.091024256237326, 9.964190338029418, 9.455100067013369, 6.871063618267856, 5.4064458216697, 6.60309332934084, 9.513838951987468, 8.406522322611952, 12.841526313725257, 12.14053108424146, 6.80461481733054, 7.921286529797948, 5.946578788608294, 5.9558894699925515, 6.270655016798648, 6.707137162612205, 8.70357950073072, 7.193273756372632, 6.134374642587288, 6.139968358429833, 6.976006115037363, 5.877528145210543, 8.981691772592828, 9.220615983857417, 9.696477458844846, 6.9998863445535235, 6.334825928420587, 7.454368087968359, 6.815319932824069, 6.612103434624401, 8.18706874802523, 6.892760957992349, 6.9666331610139185, 8.60811123394104, 8.167457837669879, 11.90673627597622, 6.9230905685919435, 10.458589507386868, 6.728591107151587, 6.15606739888956, 8.106057837747116, 5.702681961005194, 7.869991528140103, 6.5130559848109915, 8.427268208360593, 7.535639900920945, 12.324046265374314, 9.963301196473331, 7.302360641030675, 8.982229539926378, 8.415236117425207, 7.72277473359082, 9.739448637523807, 6.540398267527152, 8.386601721682371, 8.122597655639794, 8.198368266085502, 8.421038689712276, 7.985232654725774, 16.136967569265185, 8.365448139006721, 9.616783939980547, 7.470469138138174, 6.348841403046362, 15.333253746619613],
    [5.557373285375715, 5.11734319517619, 7.556808158788298, 7.213565620431018, 11.205797141597511, 6.428835560617527, 6.509750412049961, 8.351619692605501, 5.935524246124868, 7.3559015050115155, 5.336947003245033, 5.161936326802995, 5.102943555056626, 6.05538570378801, 8.382511806976556, 5.821509296507009, 5.781606417772855, 6.450358559760043, 5.207450043950083, 0.0, 7.22880102085659, 7.434117095757565, 6.7985375984142795, 6.737677732929049, 13.435598844974145, 8.686877397887788, 6.644365596696723, 7.441873313960665, 4.922829063012804, 16.331755490441594, 6.061211633333575, 5.178294838880188, 7.560250744612019, 6.001723803242381, 6.054569715095133, 7.288108762553371, 9.571354894715721, 8.845609966367043, 6.975569677834559, 5.92776033186431, 6.652375996332223, 8.81045519957372, 8.132362839222658, 11.4496154205015, 11.839107778018429, 7.280321230647161, 7.545102760683023, 6.290038662604797, 5.739143575944285, 5.886836083323952, 6.780528895311286, 8.090898929268988, 7.043717714171741, 6.22569619397726, 5.829797579490708, 7.424135621587051, 6.03384474055469, 8.797593246316953, 8.736948505584865, 9.372652420582082, 5.891179366800799, 6.982429704833481, 7.253300412915898, 0.0, 6.1199202168660305, 7.863733977855794, 7.186577678594384, 5.953851318363954, 7.993357813655383, 7.989715757576921, 11.70548646968988, 6.628928299102645, 8.411081328860497, 6.423713281716763, 6.114489326801803, 7.5868437607306625, 6.048745301455593, 7.619300126289059, 6.34088370997943, 8.387503440609656, 6.455919834224607, 12.043318870608655, 10.154066156516132, 6.633856163091055, 8.090226944873914, 8.009881681331786, 6.750375848349653, 9.123342062055006, 6.0856169332509165, 7.796225769438282, 8.441675447313465, 7.938487828160539, 7.907911648402105, 7.611359970455674, 14.902824225626741, 8.073458093527913, 9.10937543690786, 7.280680953839587, 6.541794440773096, 15.221369880663458],
    [8.23355689180077, 7.325827664157352, 10.35107141152766, 6.200612016677063, 12.17275264017398, 8.260834406983914, 5.312733362238314, 7.028617799985644, 8.124730561270955, 8.808131935451676, 5.757232086115019, 6.051538338684159, 5.83918375671513, 6.685757259763589, 9.50334476381525, 7.2222141335899845, 6.9277513316219, 6.582524944337052, 7.281294801374349, 7.22880102085659, 0.0, 7.290569206612494, 8.064845415731025, 8.656659505241198, 18.387063018633338, 7.864448949631226, 8.372147438303458, 7.320957055631404, 6.373084574666552, 0.0, 8.09520932285076, 7.037016581081435, 6.2580343603084465, 4.567937416563133, 7.145894597388116, 9.718231456095005, 0.0, 9.886550995285823, 7.026207248247137, 5.688443987629309, 6.086504646404575, 8.061742203541108, 6.382709731666492, 12.409104298099937, 11.928321495548165, 5.8676535974145665, 7.565424741975352, 7.427889769468628, 5.870552024153742, 6.66440781350097, 8.61381640210599, 6.795591733140936, 7.96172985960753, 8.394921761079758, 4.7745272254119175, 7.550056125578283, 5.2450467711894895, 7.965037988047854, 7.129853182069974, 9.885830340618103, 7.399406124000333, 7.393834006942451, 7.208610952184756, 8.629699097734651, 5.814244736032652, 9.160922447611966, 6.679623920319015, 9.475847299481762, 7.61304121236895, 8.123864533059708, 11.992959528290742, 8.45763214242904, 9.460834349177093, 6.5280958016989095, 5.745141547475962, 6.2525271203224255, 6.132583920894038, 7.270012108872022, 6.777098030574011, 7.700581031180238, 7.878139974147421, 11.673037763183764, 9.830641636674521, 6.672250354848185, 9.349761493402442, 8.826264966947805, 8.630471179552213, 8.932974450502824, 6.537135912080291, 9.241696675131717, 8.371098303354739, 8.157367378259043, 7.594512869282852, 7.875021326640903, 14.899701156360248, 9.958885546279793, 8.757370697983756, 7.042341875878325, 7.78529434342183, 19.92552971357313],
