distanceMatrix_rounded_ratio = [
    [-1.0, -0.5368421052631579, -0.5263157894736842, -0.49101796407185627, -0.47619047619047616, -0.5964912280701754, -0.524390243902439, -0.5341614906832298, -0.5698324022346368, -0.5054945054945055, -0.5164835164835165, -0.6077348066298343, -0.5573770491803278, -0.5828571428571429, -0.5714285714285714, -0.5652173913043478, -0.5428571428571428, -0.5962732919254659, -0.51, -0.542713567839196, -0.5269461077844312, -0.5069124423963134, -0.4892703862660944, -0.5333333333333333, -0.5573770491803278, -0.5348837209302325, -0.5217391304347826, -0.5389221556886228, -0.6067415730337079, -0.5786163522012578, -0.5371428571428571, -0.5586592178770949, -0.5263157894736842, -0.502283105022831, -0.48554913294797686, -0.5408805031446541, -0.45662100456621, -0.527363184079602, -0.5, -0.4976958525345622, -0.5306122448979592, -0.5384615384615384, -0.48, -0.5454545454545454, -0.5838509316770186, -0.550561797752809, -0.5942857142857143, -0.46408839779005523, -0.5502645502645502, -0.5025641025641026, -0.49696969696969695, -0.5664739884393064, -0.5513513513513514, -0.5614035087719298, -0.5680473372781065, -0.5310734463276836, -0.46153846153846156, -0.5575757575757576, -0.5405405405405406, -0.5476190476190477, -0.5234899328859061, -0.5508982035928144, -0.5287356321839081, -0.5340909090909091, -0.5333333333333333, -0.5308641975308642, -0.4393939393939394, -0.4378698224852071, -0.5543478260869565, -0.4794520547945205, -0.5662650602409639, -0.40522875816993464, -0.5, -0.5380116959064327, -0.5368421052631579, -0.5357142857142857, -0.4697986577181208, -0.5747126436781609, -0.4682926829268293, -0.5035971223021583, -0.5157894736842106, -0.5, -0.5662650602409639, -0.5, -0.4482758620689655, -0.4722222222222222, -0.4972972972972973, -0.5517241379310345, -0.5118483412322274, -0.5508982035928144, -0.5317919075144508, -0.5056179775280899, -0.5280898876404494],
    [-0.5368421052631579, -1.0, -0.5353535353535354, -0.5485714285714286, -0.4645161290322581, -0.5921787709497207, -0.4883720930232558, -0.5325443786982249, -0.5989304812834224, -0.5263157894736842, -0.49473684210526314, -0.582010582010582, -0.5863874345549738, -0.6229508196721312, -0.5185185185185185, -0.5729166666666666, -0.5688073394495413, -0.6153846153846154, -0.5865384615384616, -0.5893719806763285, -0.5714285714285714, -0.56, -0.5643153526970954, -0.5517241379310345, -0.5863874345549738, -0.5888888888888889, -0.5767441860465117, -0.5485714285714286, -0.5806451612903226, -0.5149700598802395, -0.5245901639344263, -0.5026737967914439, -0.5555555555555556, -0.5550660792951542, -0.4861878453038674, -0.5149700598802395, -0.5286343612334802, -0.5645933014354066, -0.5089285714285714, -0.49777777777777776, -0.5588235294117647, -0.49473684210526314, -0.5064377682403434, -0.5728155339805825, -0.5207100591715976, -0.5913978494623656, -0.5683060109289617, -0.4973544973544973, -0.5380710659898477, -0.5615763546798029, -0.48554913294797686, -0.6077348066298343, -0.5699481865284974, -0.5251396648044693, -0.576271186440678, -0.572972972972973, -0.4971751412429379, -0.5895953757225434, -0.6217616580310881, -0.5681818181818182, -0.5222929936305732, -0.5028571428571429, -0.5604395604395604, -0.6195652173913043, -0.574468085106383, -0.5647058823529412, -0.4857142857142857, -0.576271186440678, -0.5729166666666666, -0.5454545454545454, -0.6436781609195402, -0.45962732919254656, -0.5222222222222223, -0.5921787709497207, -0.5656565656565656, -0.5454545454545454, -0.535031847133758, -0.5824175824175825, -0.6291079812206573, -0.5714285714285714, -0.6060606060606061, -0.5833333333333334, -0.5977011494252874, -0.5625, -0.5666666666666667, -0.5535714285714286, -0.6113989637305699, -0.5714285714285714, -0.5388127853881278, -0.6171428571428571, -0.6077348066298343, -0.5483870967741935, -0.6236559139784946],
    [-0.5263157894736842, -0.5353535353535354, -1.0, -0.5142857142857142, -0.49032258064516127, -0.5586592178770949, -0.5116279069767442, -0.5443786982248521, -0.6203208556149733, -0.5368421052631579, -0.4842105263157895, -0.6137566137566137, -0.5654450261780105, -0.5355191256830601, -0.5555555555555556, -0.5833333333333334, -0.5596330275229358, -0.5680473372781065, -0.5961538461538461, -0.5700483091787439, -0.5371428571428571, -0.5333333333333333, -0.5394190871369294, -0.6108374384236454, -0.6073298429319371, -0.6, -0.5209302325581395, -0.5257142857142857, -0.5591397849462365, -0.5508982035928144, -0.4918032786885246, -0.5133689839572193, -0.47474747474747475, -0.5638766519823789, -0.4972375690607735, -0.5868263473053892, -0.5462555066079295, -0.5741626794258373, -0.5446428571428571, -0.5155555555555555, -0.5882352941176471, -0.5052631578947369, -0.5493562231759657, -0.5436893203883495, -0.5798816568047337, -0.5698924731182796, -0.5792349726775956, -0.4444444444444444, -0.47715736040609136, -0.541871921182266, -0.47398843930635837, -0.5966850828729282, -0.5699481865284974, -0.5586592178770949, -0.5875706214689266, -0.572972972972973, -0.4971751412429379, -0.5895953757225434, -0.5181347150259067, -0.5681818181818182, -0.5222929936305732, -0.5142857142857142, -0.5604395604395604, -0.6086956521739131, -0.5957446808510638, -0.5411764705882353, -0.45714285714285713, -0.4632768361581921, -0.6041666666666666, -0.5064935064935064, -0.5862068965517241, -0.422360248447205, -0.5777777777777777, -0.6145251396648045, -0.5555555555555556, -0.5681818181818182, -0.535031847133758, -0.5384615384615384, -0.5727699530516432, -0.5306122448979592, -0.6060606060606061, -0.59375, -0.6206896551724138, -0.5625, -0.5416666666666666, -0.5714285714285714, -0.6424870466321243, -0.6263736263736264, -0.5662100456621004, -0.6171428571428571, -0.6298342541436464, -0.5483870967741935, -0.5913978494623656],
    [-0.49101796407185627, -0.5485714285714286, -0.5142857142857142, -1.0, -0.5151515151515151, -0.5128205128205128, -0.5234899328859061, -0.5616438356164384, -0.5121951219512195, -0.5389221556886228, -0.5389221556886228, -0.5180722891566265, -0.5238095238095238, -0.5875, -0.5467625899280576, -0.5207100591715976, -0.46153846153846156, -0.5068493150684932, -0.5405405405405406, -0.5108695652173914, -0.5789473684210527, -0.46534653465346537, -0.44954128440366975, -0.4777777777777778, -0.4880952380952381, -0.5477707006369427, -0.4895833333333333, -0.5526315789473685, -0.5398773006134969, -0.5277777777777778, -0.5125, -0.4634146341463415, -0.5485714285714286, -0.47058823529411764, -0.5443037974683544, -0.5416666666666666, -0.43137254901960786, -0.5268817204301075, -0.47761194029850745, -0.43564356435643564, -0.5193370165745856, -0.46706586826347307, -0.4666666666666667, -0.5027322404371585, -0.5342465753424658, -0.5644171779141104, -0.5125, -0.5662650602409639, -0.5287356321839081, -0.5555555555555556, -0.5466666666666666, -0.5569620253164557, -0.5411764705882353, -0.5384615384615384, -0.5324675324675324, -0.5679012345679012, -0.5454545454545454, -0.5333333333333333, -0.5647058823529412, -0.5228758169934641, -0.5970149253731343, -0.4868421052631579, -0.5157232704402516, -0.5093167701863354, -0.5575757575757576, -0.5306122448979592, -0.5128205128205128, -0.5844155844155844, -0.4970414201183432, -0.549618320610687, -0.5695364238410596, -0.4782608695652174, -0.5095541401273885, -0.5128205128205128, -0.49142857142857144, -0.5098039215686274, -0.5671641791044776, -0.5786163522012578, -0.49473684210526314, -0.6129032258064516, -0.5371428571428571, -0.5207100591715976, -0.5298013245033113, -0.4975124378109453, -0.4608294930875576, -0.4975124378109453, -0.5058823529411764, -0.49056603773584906, -0.45918367346938777, -0.5394736842105263, -0.4810126582278481, -0.5153374233128835, -0.5398773006134969],
    [-0.47619047619047616, -0.4645161290322581, -0.49032258064516127, -0.5151515151515151, -1.0, -0.5294117647058824, -0.5116279069767442, -0.5396825396825397, -0.4861111111111111, -0.47619047619047616, -0.5170068027210885, -0.4931506849315068, -0.5, -0.5, -0.5546218487394958, -0.4563758389261745, -0.44571428571428573, -0.5714285714285714, -0.48484848484848486, -0.4878048780487805, -0.5, -0.43956043956043955, -0.3939393939393939, -0.4625, -0.5, -0.49635036496350365, -0.4186046511627907, -0.5, -0.4755244755244755, -0.532258064516129, -0.4714285714285714, -0.4583333333333333, -0.4258064516129032, -0.3804347826086957, -0.4782608695652174, -0.5645161290322581, -0.41304347826086957, -0.4457831325301205, -0.4198895027624309, -0.4175824175824176, -0.4472049689440994, -0.4897959183673469, -0.37894736842105264, -0.44171779141104295, -0.5714285714285714, -0.48951048951048953, -0.4714285714285714, -0.4383561643835616, -0.45454545454545453, -0.45, -0.5230769230769231, -0.4927536231884058, -0.5066666666666667, -0.5, -0.5373134328358209, -0.5070422535211268, -0.5223880597014925, -0.5230769230769231, -0.52, -0.48120300751879697, -0.5789473684210527, -0.5303030303030303, -0.4748201438848921, -0.45390070921985815, -0.4689655172413793, -0.4881889763779528, -0.5360824742268041, -0.47761194029850745, -0.4697986577181208, -0.5945945945945946, -0.5343511450381679, -0.4406779661016949, -0.48175182481751827, -0.47058823529411764, -0.4774193548387097, -0.5263157894736842, -0.543859649122807, -0.5035971223021583, -0.4, -0.5961538461538461, -0.45161290322580644, -0.4697986577181208, -0.48854961832061067, -0.4088397790055249, -0.3756345177664975, -0.3867403314917127, -0.4533333333333333, -0.460431654676259, -0.3977272727272727, -0.5, -0.4492753623188406, -0.4755244755244755, -0.4755244755244755],
    [-0.5964912280701754, -0.5921787709497207, -0.5586592178770949, -0.5128205128205128, -0.5294117647058824, -1.0, -0.5228758169934641, -0.56, -0.5952380952380952, -0.5730994152046783, -0.5380116959064327, -0.6, -0.6046511627906976, -0.6219512195121951, -0.6573426573426573, -0.5780346820809249, -0.5527638190954773, -0.6266666666666667, -0.5714285714285714, -0.574468085106383, -0.5384615384615384, -0.5339805825242718, -0.5315315315315315, -0.5869565217391305, -0.6046511627906976, -0.5962732919254659, -0.5714285714285714, -0.5512820512820513, -0.5748502994011976, -0.5945945945945946, -0.5121951219512195, -0.5595238095238095, -0.5251396648044693, -0.49038461538461536, -0.5555555555555556, -0.581081081081081, -0.5384615384615384, -0.5578947368421052, -0.5170731707317073, -0.5436893203883495, -0.5621621621621622, -0.5730994152046783, -0.514018691588785, -0.5347593582887701, -0.6133333333333333, -0.6107784431137725, -0.6341463414634146, -0.43529411764705883, -0.5280898876404494, -0.5108695652173914, -0.5194805194805194, -0.6296296296296297, -0.5747126436781609, -0.6125, -0.6329113924050633, -0.5783132530120482, -0.4936708860759494, -0.6233766233766234, -0.5402298850574713, -0.6114649681528662, -0.5797101449275363, -0.6025641025641025, -0.5766871165644172, -0.6060606060606061, -0.5798816568047337, -0.5695364238410596, -0.49586776859504134, -0.5316455696202531, -0.6127167630057804, -0.5481481481481482, -0.6709677419354839, -0.4507042253521127, -0.5714285714285714, -0.6, -0.5810055865921788, -0.6242038216560509, -0.5652173913043478, -0.6012269938650306, -0.5463917525773195, -0.59375, -0.5810055865921788, -0.5780346820809249, -0.6193548387096774, -0.5365853658536586, -0.497737556561086, -0.5365853658536586, -0.5862068965517241, -0.6257668711656442, -0.55, -0.6282051282051282, -0.6049382716049383, -0.5748502994011976, -0.5988023952095808],
    [-0.524390243902439, -0.4883720930232558, -0.5116279069767442, -0.5234899328859061, -0.5116279069767442, -0.5228758169934641, -1.0, -0.5594405594405595, -0.5341614906832298, -0.524390243902439, -0.5853658536585366, -0.5153374233128835, -0.5333333333333333, -0.5477707006369427, -0.5588235294117647, -0.5421686746987951, -0.5104166666666666, -0.5314685314685315, -0.4945054945054945, -0.5082872928176796, -0.5503355704697986, -0.4824120603015075, -0.4558139534883721, -0.4858757062146893, -0.46060606060606063, -0.4675324675324675, -0.455026455026455, -0.5234899328859061, -0.525, -0.5390070921985816, -0.535031847133758, -0.484472049689441, -0.5232558139534884, -0.43781094527363185, -0.5161290322580645, -0.524822695035461, -0.417910447761194, -0.5136612021857924, -0.45454545454545453, -0.4824120603015075, -0.5617977528089888, -0.5, -0.43478260869565216, -0.4888888888888889, -0.5734265734265734, -0.5375, -0.5732484076433121, -0.49079754601226994, -0.5146198830409356, -0.4971751412429379, -0.5170068027210885, -0.5419354838709678, -0.5269461077844312, -0.5228758169934641, -0.4900662251655629, -0.5031446540880503, -0.4768211920529801, -0.5170068027210885, -0.5269461077844312, -0.5333333333333333, -0.5190839694656488, -0.5369127516778524, -0.48717948717948717, -0.5063291139240507, -0.5061728395061729, -0.5138888888888888, -0.49122807017543857, -0.4768211920529801, -0.4819277108433735, -0.515625, -0.5540540540540541, -0.4740740740740741, -0.4805194805194805, -0.5228758169934641, -0.45348837209302323, -0.52, -0.5801526717557252, -0.5384615384615384, -0.41711229946524064, -0.5619834710743802, -0.4883720930232558, -0.4939759036144578, -0.5135135135135135, -0.4444444444444444, -0.42990654205607476, -0.41414141414141414, -0.47904191616766467, -0.5128205128205128, -0.43523316062176165, -0.4697986577181208, -0.45161290322580644, -0.5, -0.5],
    [-0.5341614906832298, -0.5325443786982249, -0.5443786982248521, -0.5616438356164384, -0.5396825396825397, -0.56, -0.5594405594405595, -1.0, -0.5189873417721519, -0.546583850931677, -0.5590062111801242, -0.5125, -0.5308641975308642, -0.5584415584415584, -0.556390977443609, -0.5521472392638037, -0.47619047619047616, -0.5857142857142857, -0.5251396648044693, -0.5168539325842697, -0.547945205479452, -0.46938775510204084, -0.4528301886792453, -0.4942528735632184, -0.5185185185185185, -0.5298013245033113, -0.4838709677419355, -0.547945205479452, -0.5095541401273885, -0.5507246376811594, -0.5714285714285714, -0.4936708860759494, -0.48520710059171596, -0.45454545454545453, -0.5394736842105263, -0.5507246376811594, -0.45454545454545453, -0.5333333333333333, -0.441025641025641, -0.46938775510204084, -0.5142857142857142, -0.5093167701863354, -0.4411764705882353, -0.5084745762711864, -0.5285714285714286, -0.5222929936305732, -0.5194805194805194, -0.4875, -0.4880952380952381, -0.5402298850574713, -0.5694444444444444, -0.5526315789473685, -0.5487804878048781, -0.5333333333333333, -0.5405405405405406, -0.5384615384615384, -0.4864864864864865, -0.5555555555555556, -0.524390243902439, -0.5306122448979592, -0.546875, -0.589041095890411, -0.5359477124183006, -0.5419354838709678, -0.5408805031446541, -0.5673758865248227, -0.5585585585585585, -0.5540540540540541, -0.5398773006134969, -0.592, -0.5517241379310345, -0.48484848484848486, -0.5165562913907285, -0.5466666666666666, -0.5088757396449705, -0.54421768707483, -0.578125, -0.5490196078431373, -0.5108695652173914, -0.6271186440677966, -0.5325443786982249, -0.5153374233128835, -0.5793103448275863, -0.4717948717948718, -0.43601895734597157, -0.49230769230769234, -0.5, -0.5228758169934641, -0.45263157894736844, -0.5342465753424658, -0.5263157894736842, -0.5605095541401274, -0.535031847133758],
    [-0.5698324022346368, -0.5989304812834224, -0.6203208556149733, -0.5121951219512195, -0.4861111111111111, -0.5952380952380952, -0.5341614906832298, -0.5189873417721519, -1.0, -0.5921787709497207, -0.547486033519553, -0.6853932584269663, -0.6555555555555556, -0.5697674418604651, -0.5562913907284768, -0.5966850828729282, -0.6473429951690821, -0.6075949367088608, -0.6091370558375635, -0.6530612244897959, -0.573170731707317, -0.616822429906542, -0.5739130434782609, -0.65625, -0.6777777777777778, -0.6035502958579881, -0.6078431372549019, -0.5121951219512195, -0.6285714285714286, -0.5769230769230769, -0.5116279069767442, -0.5113636363636364, -0.5561497326203209, -0.5740740740740741, -0.5176470588235295, -0.5384615384615384, -0.5833333333333334, -0.6060606060606061, -0.6103286384976526, -0.5794392523364486, -0.5595854922279793, -0.5251396648044693, -0.6126126126126126, -0.6564102564102564, -0.6075949367088608, -0.6285714285714286, -0.6395348837209303, -0.4943820224719101, -0.5268817204301075, -0.5625, -0.49382716049382713, -0.6823529411764706, -0.5934065934065934, -0.5595238095238095, -0.6385542168674698, -0.6091954022988506, -0.46987951807228917, -0.6172839506172839, -0.5494505494505495, -0.593939393939394, -0.5342465753424658, -0.5487804878048781, -0.5847953216374269, -0.6358381502890174, -0.632768361581921, -0.5911949685534591, -0.4496124031007752, -0.5060240963855421, -0.6740331491712708, -0.5454545454545454, -0.6503067484662577, -0.4533333333333333, -0.5325443786982249, -0.6309523809523809, -0.6631016042780749, -0.5818181818181818, -0.5616438356164384, -0.6198830409356725, -0.6237623762376238, -0.5882352941176471, -0.6524064171122995, -0.5966850828729282, -0.6134969325153374, -0.6103286384976526, -0.5938864628820961, -0.6103286384976526, -0.6593406593406593, -0.6198830409356725, -0.6538461538461539, -0.6829268292682927, -0.7058823529411765, -0.56, -0.64],
    [-0.5054945054945055, -0.5263157894736842, -0.5368421052631579, -0.5389221556886228, -0.47619047619047616, -0.5730994152046783, -0.524390243902439, -0.546583850931677, -0.5921787709497207, -1.0, -0.6043956043956044, -0.56353591160221, -0.5792349726775956, -0.56, -0.5454545454545454, -0.5760869565217391, -0.5238095238095238, -0.5962732919254659, -0.56, -0.5326633165829145, -0.5988023952095808, -0.543778801843318, -0.5064377682403434, -0.5230769230769231, -0.546448087431694, -0.5813953488372093, -0.5024154589371981, -0.5269461077844312, -0.5168539325842697, -0.5408805031446541, -0.5028571428571429, -0.5139664804469274, -0.47368421052631576, -0.4748858447488584, -0.5086705202312138, -0.5283018867924528, -0.4840182648401826, -0.5373134328358209, -0.5092592592592593, -0.4976958525345622, -0.5306122448979592, -0.4835164835164835, -0.49777777777777776, -0.5050505050505051, -0.5590062111801242, -0.550561797752809, -0.5485714285714286, -0.4861878453038674, -0.47619047619047616, -0.5333333333333333, -0.5454545454545454, -0.5549132947976878, -0.5405405405405406, -0.5614035087719298, -0.5680473372781065, -0.5988700564971752, -0.4378698224852071, -0.5696969696969697, -0.5513513513513514, -0.5357142857142857, -0.5503355704697986, -0.5508982035928144, -0.5172413793103449, -0.5681818181818182, -0.5333333333333333, -0.5679012345679012, -0.5151515151515151, -0.5088757396449705, -0.5434782608695652, -0.5205479452054794, -0.5903614457831325, -0.48366013071895425, -0.5116279069767442, -0.5497076023391813, -0.5263157894736842, -0.5595238095238095, -0.5771812080536913, -0.5632183908045977, -0.4878048780487805, -0.60431654676259, -0.5578947368421052, -0.5108695652173914, -0.6024096385542169, -0.5092592592592593, -0.5, -0.49074074074074076, -0.518918918918919, -0.5172413793103449, -0.5118483412322274, -0.5508982035928144, -0.49710982658959535, -0.550561797752809, -0.5730337078651685],
    [-0.5164835164835165, -0.49473684210526314, -0.4842105263157895, -0.5389221556886228, -0.5170068027210885, -0.5380116959064327, -0.5853658536585366, -0.5590062111801242, -0.547486033519553, -0.6043956043956044, -1.0, -0.585635359116022, -0.5792349726775956, -0.5942857142857143, -0.5714285714285714, -0.5869565217391305, -0.5142857142857142, -0.5590062111801242, -0.56, -0.5728643216080402, -0.562874251497006, -0.5253456221198156, -0.5236051502145923, -0.48205128205128206, -0.5027322404371585, -0.5348837209302325, -0.5217391304347826, -0.49101796407185627, -0.5393258426966292, -0.5031446540880503, -0.5142857142857142, -0.4581005586592179, -0.5684210526315789, -0.4474885844748858, -0.5202312138728323, -0.49056603773584906, -0.4292237442922374, -0.5572139303482587, -0.46296296296296297, -0.5069124423963134, -0.5816326530612245, -0.5164835164835165, -0.4711111111111111, -0.5151515151515151, -0.5341614906832298, -0.5955056179775281, -0.5371428571428571, -0.5082872928176796, -0.4973544973544973, -0.5641025641025641, -0.5575757575757576, -0.5780346820809249, -0.518918918918919, -0.49122807017543857, -0.5088757396449705, -0.5875706214689266, -0.47337278106508873, -0.5454545454545454, -0.5621621621621622, -0.5, -0.5234899328859061, -0.5269461077844312, -0.4942528735632184, -0.5454545454545454, -0.5444444444444444, -0.5555555555555556, -0.5151515151515151, -0.5562130177514792, -0.532608695652174, -0.5068493150684932, -0.5662650602409639, -0.5359477124183006, -0.5232558139534884, -0.5380116959064327, -0.5157894736842106, -0.5476190476190477, -0.6040268456375839, -0.5632183908045977, -0.4682926829268293, -0.5755395683453237, -0.5263157894736842, -0.5652173913043478, -0.5903614457831325, -0.5, -0.47413793103448276, -0.46296296296296297, -0.5297297297297298, -0.5517241379310345, -0.4834123222748815, -0.5149700598802395, -0.47398843930635837, -0.5168539325842697, -0.550561797752809],
    [-0.6077348066298343, -0.582010582010582, -0.6137566137566137, -0.5180722891566265, -0.4931506849315068, -0.6, -0.5153374233128835, -0.5125, -0.6853932584269663, -0.56353591160221, -0.585635359116022, -1.0, -0.6373626373626373, -0.6091954022988506, -0.6143790849673203, -0.6338797814207651, -0.631578947368421, -0.65, -0.6432160804020101, -0.6262626262626263, -0.5542168674698795, -0.6203703703703703, -0.6120689655172413, -0.6185567010309279, -0.6703296703296703, -0.6783625730994152, -0.6407766990291263, -0.5180722891566265, -0.5988700564971752, -0.5316455696202531, -0.5287356321839081, -0.550561797752809, -0.5396825396825397, -0.5504587155963303, -0.5, -0.5569620253164557, -0.5688073394495413, -0.62, -0.586046511627907, -0.6111111111111112, -0.6461538461538462, -0.56353591160221, -0.5892857142857143, -0.6091370558375635, -0.5875, -0.632768361581921, -0.6091954022988506, -0.4888888888888889, -0.5212765957446809, -0.6185567010309279, -0.5365853658536586, -0.6511627906976745, -0.6086956521739131, -0.5764705882352941, -0.6428571428571429, -0.625, -0.4523809523809524, -0.6463414634146342, -0.5652173913043478, -0.6107784431137725, -0.5135135135135135, -0.5903614457831325, -0.5780346820809249, -0.6628571428571428, -0.6815642458100558, -0.5714285714285714, -0.44274809160305345, -0.4642857142857143, -0.6775956284153005, -0.5379310344827586, -0.6787878787878788, -0.42105263157894735, -0.5730994152046783, -0.6352941176470588, -0.6031746031746031, -0.5748502994011976, -0.5405405405405406, -0.6127167630057804, -0.5882352941176471, -0.5652173913043478, -0.6349206349206349, -0.644808743169399, -0.6424242424242425, -0.5953488372093023, -0.5714285714285714, -0.6046511627906976, -0.6521739130434783, -0.6242774566473989, -0.6476190476190476, -0.6746987951807228, -0.6627906976744186, -0.5536723163841808, -0.6440677966101694],
    [-0.5573770491803278, -0.5863874345549738, -0.5654450261780105, -0.5238095238095238, -0.5, -0.6046511627906976, -0.5333333333333333, -0.5308641975308642, -0.6555555555555556, -0.5792349726775956, -0.5792349726775956, -0.6373626373626373, -1.0, -0.6022727272727273, -0.5548387096774193, -0.6054054054054054, -0.5971563981042654, -0.654320987654321, -0.5870646766169154, -0.6, -0.5952380952380952, -0.6238532110091743, -0.5641025641025641, -0.5816326530612245, -0.5869565217391305, -0.6127167630057804, -0.5769230769230769, -0.4880952380952381, -0.5810055865921788, -0.525, -0.5113636363636364, -0.4888888888888889, -0.5549738219895288, -0.5454545454545454, -0.5057471264367817, -0.525, -0.5181818181818182, -0.594059405940594, -0.5345622119815668, -0.5045871559633027, -0.5888324873096447, -0.546448087431694, -0.5309734513274337, -0.5829145728643216, -0.5679012345679012, -0.6256983240223464, -0.5681818181818182, -0.4945054945054945, -0.47368421052631576, -0.5510204081632653, -0.5662650602409639, -0.5977011494252874, -0.5698924731182796, -0.5465116279069767, -0.5882352941176471, -0.6067415730337079, -0.4470588235294118, -0.6024096385542169, -0.5591397849462365, -0.591715976331361, -0.56, -0.5476190476190477, -0.5714285714285714, -0.655367231638418, -0.6077348066298343, -0.6134969325153374, -0.5714285714285714, -0.5294117647058824, -0.6270270270270271, -0.5578231292517006, -0.6467065868263473, -0.5194805194805194, -0.5549132947976878, -0.6162790697674418, -0.5654450261780105, -0.5798816568047337, -0.5733333333333334, -0.5942857142857143, -0.5631067961165048, -0.6, -0.6492146596858639, -0.6162162162162163, -0.6107784431137725, -0.5898617511520737, -0.5665236051502146, -0.5622119815668203, -0.6129032258064516, -0.6057142857142858, -0.5660377358490566, -0.6190476190476191, -0.5862068965517241, -0.5921787709497207, -0.6703910614525139],
    [-0.5828571428571429, -0.6229508196721312, -0.5355191256830601, -0.5875, -0.5, -0.6219512195121951, -0.5477707006369427, -0.5584415584415584, -0.5697674418604651, -0.56, -0.5942857142857143, -0.6091954022988506, -0.6022727272727273, -1.0, -0.6258503401360545, -0.6101694915254238, -0.6009852216748769, -0.6103896103896104, -0.5699481865284974, -0.5833333333333334, -0.6125, -0.5714285714285714, -0.5221238938053098, -0.5425531914893617, -0.5909090909090909, -0.593939393939394, -0.57, -0.525, -0.6081871345029239, -0.5526315789473685, -0.5476190476190477, -0.5232558139534884, -0.5901639344262295, -0.5094339622641509, -0.5542168674698795, -0.5921052631578947, -0.49056603773584906, -0.5979381443298969, -0.5263157894736842, -0.5142857142857142, -0.582010582010582, -0.5828571428571429, -0.4954128440366973, -0.5654450261780105, -0.5584415584415584, -0.6432748538011696, -0.5952380952380952, -0.5172413793103449, -0.5494505494505495, -0.574468085106383, -0.5443037974683544, -0.5903614457831325, -0.5617977528089888, -0.6097560975609756, -0.5925925925925926, -0.6, -0.49382716049382713, -0.5822784810126582, -0.6292134831460674, -0.6086956521739131, -0.5774647887323944, -0.5625, -0.5748502994011976, -0.5798816568047337, -0.5895953757225434, -0.5806451612903226, -0.496, -0.6049382716049383, -0.576271186440678, -0.5899280575539568, -0.6163522012578616, -0.5205479452054794, -0.5454545454545454, -0.5853658536585366, -0.5573770491803278, -0.5714285714285714, -0.5774647887323944, -0.5988023952095808, -0.5151515151515151, -0.6212121212121212, -0.5792349726775956, -0.5875706214689266, -0.6289308176100629, -0.5263157894736842, -0.5155555555555555, -0.5358851674641149, -0.5617977528089888, -0.5508982035928144, -0.5490196078431373, -0.5875, -0.5662650602409639, -0.5730994152046783, -0.5964912280701754],
    [-0.5714285714285714, -0.5185185185185185, -0.5555555555555556, -0.5467625899280576, -0.5546218487394958, -0.6573426573426573, -0.5588235294117647, -0.556390977443609, -0.5562913907284768, -0.5454545454545454, -0.5714285714285714, -0.6143790849673203, -0.5548387096774193, -0.6258503401360545, -1.0, -0.5512820512820513, -0.4945054945054945, -0.6466165413533834, -0.5465116279069767, -0.5380116959064327, -0.5611510791366906, -0.5185185185185185, -0.4878048780487805, -0.5029940119760479, -0.5806451612903226, -0.6111111111111112, -0.5698324022346368, -0.60431654676259, -0.56, -0.6259541984732825, -0.5170068027210885, -0.5695364238410596, -0.5308641975308642, -0.4816753926701571, -0.5517241379310345, -0.6717557251908397, -0.5026178010471204, -0.5433526011560693, -0.48936170212765956, -0.5714285714285714, -0.6071428571428571, -0.5974025974025974, -0.4873096446700508, -0.5294117647058824, -0.631578947368421, -0.6, -0.6394557823129252, -0.5098039215686274, -0.5093167701863354, -0.5389221556886228, -0.5693430656934306, -0.6068965517241379, -0.5605095541401274, -0.6433566433566433, -0.6382978723404256, -0.5637583892617449, -0.49645390070921985, -0.6277372262773723, -0.5477707006369427, -0.6857142857142857, -0.628099173553719, -0.6187050359712231, -0.547945205479452, -0.5540540540540541, -0.5526315789473685, -0.582089552238806, -0.5192307692307693, -0.49645390070921985, -0.5641025641025641, -0.576271186440678, -0.5797101449275363, -0.464, -0.6111111111111112, -0.5874125874125874, -0.5061728395061729, -0.5714285714285714, -0.5950413223140496, -0.6027397260273972, -0.4858757062146893, -0.6306306306306306, -0.5185185185185185, -0.5512820512820513, -0.6521739130434783, -0.46808510638297873, -0.4411764705882353, -0.46808510638297873, -0.5222929936305732, -0.589041095890411, -0.5245901639344263, -0.6187050359712231, -0.5379310344827586, -0.5466666666666666, -0.5466666666666666],
    [-0.5652173913043478, -0.5729166666666666, -0.5833333333333334, -0.5207100591715976, -0.4563758389261745, -0.5780346820809249, -0.5421686746987951, -0.5521472392638037, -0.5966850828729282, -0.5760869565217391, -0.5869565217391305, -0.6338797814207651, -0.6054054054054054, -0.6101694915254238, -0.5512820512820513, -1.0, -0.5377358490566038, -0.5644171779141104, -0.6039603960396039, -0.5870646766169154, -0.591715976331361, -0.5388127853881278, -0.5531914893617021, -0.5989847715736041, -0.5837837837837838, -0.6206896551724138, -0.583732057416268, -0.5562130177514792, -0.5888888888888889, -0.546583850931677, -0.5649717514124294, -0.4972375690607735, -0.5416666666666666, -0.5339366515837104, -0.56, -0.546583850931677, -0.497737556561086, -0.6206896551724138, -0.5321100917431193, -0.5388127853881278, -0.6060606060606061, -0.532608695652174, -0.5286343612334802, -0.59, -0.588957055214724, -0.6555555555555556, -0.5649717514124294, -0.546448087431694, -0.5235602094240838, -0.5888324873096447, -0.5389221556886228, -0.6171428571428571, -0.5775401069518716, -0.5664739884393064, -0.5730994152046783, -0.6256983240223464, -0.45614035087719296, -0.5988023952095808, -0.5882352941176471, -0.6, -0.5562913907284768, -0.5798816568047337, -0.5909090909090909, -0.6292134831460674, -0.6263736263736264, -0.6097560975609756, -0.47761194029850745, -0.5497076023391813, -0.5913978494623656, -0.5405405405405406, -0.6309523809523809, -0.5032258064516129, -0.5517241379310345, -0.6242774566473989, -0.6145833333333334, -0.5882352941176471, -0.5695364238410596, -0.5681818181818182, -0.5700483091787439, -0.5957446808510638, -0.6354166666666666, -0.6344086021505376, -0.6666666666666666, -0.5596330275229358, -0.5470085470085471, -0.5596330275229358, -0.6310160427807486, -0.625, -0.5727699530516432, -0.6272189349112426, -0.5942857142857143, -0.5777777777777777, -0.6111111111111112],
    [-0.5428571428571428, -0.5688073394495413, -0.5596330275229358, -0.46153846153846156, -0.44571428571428573, -0.5527638190954773, -0.5104166666666666, -0.47619047619047616, -0.6473429951690821, -0.5238095238095238, -0.5142857142857142, -0.631578947368421, -0.5971563981042654, -0.6009852216748769, -0.4945054945054945, -0.5377358490566038, -1.0, -0.5291005291005291, -0.6140350877192983, -0.6255506607929515, -0.5128205128205128, -0.6448979591836734, -0.6436781609195402, -0.5829596412556054, -0.6445497630331753, -0.57, -0.5957446808510638, -0.4512820512820513, -0.5533980582524272, -0.5026737967914439, -0.4729064039408867, -0.5120772946859904, -0.5137614678899083, -0.582995951417004, -0.46766169154228854, -0.48128342245989303, -0.6153846153846154, -0.5764192139737991, -0.639344262295082, -0.5551020408163265, -0.5892857142857143, -0.49523809523809526, -0.6324110671936759, -0.6017699115044248, -0.5608465608465608, -0.5825242718446602, -0.5714285714285714, -0.44976076555023925, -0.4976958525345622, -0.5560538116591929, -0.47668393782383417, -0.5870646766169154, -0.5633802816901409, -0.49246231155778897, -0.5482233502538071, -0.5560975609756098, -0.41624365482233505, -0.5595854922279793, -0.5258215962441315, -0.5510204081632653, -0.4858757062146893, -0.5025641025641026, -0.504950495049505, -0.5686274509803921, -0.5865384615384616, -0.5052631578947369, -0.4375, -0.45685279187817257, -0.6320754716981132, -0.5057471264367817, -0.5876288659793815, -0.3867403314917127, -0.5, -0.5829145728643216, -0.5779816513761468, -0.5408163265306123, -0.4858757062146893, -0.5742574257425742, -0.6437768240343348, -0.49101796407185627, -0.6238532110091743, -0.5660377358490566, -0.5360824742268041, -0.6229508196721312, -0.6153846153846154, -0.6639344262295082, -0.6291079812206573, -0.5544554455445545, -0.6359832635983264, -0.6358974358974359, -0.6567164179104478, -0.5436893203883495, -0.6019417475728155],
    [-0.5962732919254659, -0.6153846153846154, -0.5680473372781065, -0.5068493150684932, -0.5714285714285714, -0.6266666666666667, -0.5314685314685315, -0.5857142857142857, -0.6075949367088608, -0.5962732919254659, -0.5590062111801242, -0.65, -0.654320987654321, -0.6103896103896104, -0.6466165413533834, -0.5644171779141104, -0.5291005291005291, -1.0, -0.5810055865921788, -0.5842696629213483, -0.547945205479452, -0.5408163265306123, -0.5094339622641509, -0.5747126436781609, -0.5802469135802469, -0.5960264900662252, -0.5913978494623656, -0.5753424657534246, -0.6114649681528662, -0.5942028985507246, -0.5454545454545454, -0.5443037974683544, -0.4970414201183432, -0.5252525252525253, -0.5, -0.5797101449275363, -0.5050505050505051, -0.5777777777777777, -0.48205128205128206, -0.5, -0.5714285714285714, -0.546583850931677, -0.5098039215686274, -0.5310734463276836, -0.6, -0.5859872611464968, -0.5714285714285714, -0.4875, -0.47619047619047616, -0.5402298850574713, -0.5416666666666666, -0.5921052631578947, -0.5853658536585366, -0.5866666666666667, -0.6486486486486487, -0.5897435897435898, -0.43243243243243246, -0.625, -0.524390243902439, -0.6122448979591837, -0.59375, -0.6164383561643836, -0.5751633986928104, -0.6580645161290323, -0.5911949685534591, -0.6666666666666666, -0.5765765765765766, -0.5540540540540541, -0.6380368098159509, -0.592, -0.6482758620689655, -0.45454545454545453, -0.609271523178808, -0.6533333333333333, -0.591715976331361, -0.6258503401360545, -0.578125, -0.5751633986928104, -0.5543478260869565, -0.6271186440677966, -0.591715976331361, -0.588957055214724, -0.6482758620689655, -0.5743589743589743, -0.5308056872037915, -0.5333333333333333, -0.6097560975609756, -0.6405228758169934, -0.5473684210526316, -0.6575342465753424, -0.6052631578947368, -0.5859872611464968, -0.6369426751592356],
    [-0.51, -0.5865384615384616, -0.5961538461538461, -0.5405405405405406, -0.48484848484848486, -0.5714285714285714, -0.4945054945054945, -0.5251396648044693, -0.6091370558375635, -0.56, -0.56, -0.6432160804020101, -0.5870646766169154, -0.5699481865284974, -0.5465116279069767, -0.6039603960396039, -0.6140350877192983, -0.5810055865921788, -1.0, -0.6082949308755761, -0.5297297297297298, -0.5957446808510638, -0.5816733067729084, -0.6197183098591549, -0.6368159203980099, -0.5789473684210527, -0.5866666666666667, -0.518918918918919, -0.5816326530612245, -0.5084745762711864, -0.49740932642487046, -0.467005076142132, -0.5192307692307693, -0.5485232067510548, -0.4816753926701571, -0.5084745762711864, -0.5569620253164557, -0.5844748858447488, -0.5555555555555556, -0.5446808510638298, -0.6261682242990654, -0.52, -0.5679012345679012, -0.5740740740740741, -0.5586592178770949, -0.6224489795918368, -0.5803108808290155, -0.5125628140703518, -0.5024154589371981, -0.5727699530516432, -0.5136612021857924, -0.5863874345549738, -0.6009852216748769, -0.5291005291005291, -0.6096256684491979, -0.5846153846153846, -0.4385026737967914, -0.6120218579234973, -0.5517241379310345, -0.5591397849462365, -0.5029940119760479, -0.5513513513513514, -0.5729166666666666, -0.6185567010309279, -0.6262626262626263, -0.5444444444444444, -0.48, -0.5133689839572193, -0.6732673267326733, -0.5609756097560976, -0.6195652173913043, -0.49122807017543857, -0.5578947368421052, -0.6137566137566137, -0.6153846153846154, -0.6021505376344086, -0.562874251497006, -0.59375, -0.6098654708520179, -0.5477707006369427, -0.6346153846153846, -0.6336633663366337, -0.5978260869565217, -0.6239316239316239, -0.632, -0.6068376068376068, -0.6108374384236454, -0.6354166666666666, -0.5938864628820961, -0.6270270270270271, -0.6596858638743456, -0.6020408163265306, -0.6326530612244898],
    [-0.542713567839196, -0.5893719806763285, -0.5700483091787439, -0.5108695652173914, -0.4878048780487805, -0.574468085106383, -0.5082872928176796, -0.5168539325842697, -0.6530612244897959, -0.5326633165829145, -0.5728643216080402, -0.6262626262626263, -0.6, -0.5833333333333334, -0.5380116959064327, -0.5870646766169154, -0.6255506607929515, -0.5842696629213483, -0.6082949308755761, -1.0, -0.532608695652174, -0.6153846153846154, -0.576, -0.6037735849056604, -0.64, -0.6243386243386243, -0.6160714285714286, -0.5, -0.6153846153846154, -0.5113636363636364, -0.5416666666666666, -0.5102040816326531, -0.5507246376811594, -0.5677966101694916, -0.5052631578947369, -0.5, -0.559322033898305, -0.5688073394495413, -0.575107296137339, -0.5811965811965812, -0.5821596244131455, -0.5326633165829145, -0.5867768595041323, -0.5767441860465117, -0.550561797752809, -0.6051282051282051, -0.59375, -0.46464646464646464, -0.5048543689320388, -0.5754716981132075, -0.5164835164835165, -0.6105263157894737, -0.6039603960396039, -0.5531914893617021, -0.5806451612903226, -0.5979381443298969, -0.46236559139784944, -0.5934065934065934, -0.5841584158415841, -0.5837837837837838, -0.4939759036144578, -0.5217391304347826, -0.5445026178010471, -0.6113989637305699, -0.6598984771573604, -0.5586592178770949, -0.42953020134228187, -0.5053763440860215, -0.6467661691542289, -0.4785276073619632, -0.6338797814207651, -0.43529411764705883, -0.5608465608465608, -0.5851063829787234, -0.5893719806763285, -0.572972972972973, -0.5180722891566265, -0.5968586387434555, -0.6036036036036037, -0.5384615384615384, -0.6183574879227053, -0.6467661691542289, -0.6229508196721312, -0.575107296137339, -0.5863453815261044, -0.6008583690987125, -0.6237623762376238, -0.5968586387434555, -0.6140350877192983, -0.6521739130434783, -0.6421052631578947, -0.5641025641025641, -0.6051282051282051],
    [-0.5269461077844312, -0.5714285714285714, -0.5371428571428571, -0.5789473684210527, -0.5, -0.5384615384615384, -0.5503355704697986, -0.547945205479452, -0.573170731707317, -0.5988023952095808, -0.562874251497006, -0.5542168674698795, -0.5952380952380952, -0.6125, -0.5611510791366906, -0.591715976331361, -0.5128205128205128, -0.547945205479452, -0.5297297297297298, -0.532608695652174, -1.0, -0.5247524752475248, -0.4954128440366973, -0.5, -0.5595238095238095, -0.5987261146496815, -0.5416666666666666, -0.5394736842105263, -0.588957055214724, -0.5694444444444444, -0.5625, -0.5, -0.5828571428571429, -0.49019607843137253, -0.6075949367088608, -0.5555555555555556, -0.47058823529411764, -0.6236559139784946, -0.4975124378109453, -0.48514851485148514, -0.5524861878453039, -0.5269461077844312, -0.49523809523809526, -0.5901639344262295, -0.589041095890411, -0.6012269938650306, -0.5625, -0.5421686746987951, -0.5402298850574713, -0.5888888888888889, -0.5733333333333334, -0.6455696202531646, -0.5647058823529412, -0.5384615384615384, -0.5454545454545454, -0.5802469135802469, -0.5714285714285714, -0.5733333333333334, -0.5647058823529412, -0.5882352941176471, -0.582089552238806, -0.5131578947368421, -0.5408805031446541, -0.5590062111801242, -0.5818181818181818, -0.6122448979591837, -0.5641025641025641, -0.5974025974025974, -0.5325443786982249, -0.549618320610687, -0.5827814569536424, -0.5217391304347826, -0.535031847133758, -0.5769230769230769, -0.5142857142857142, -0.5228758169934641, -0.6119402985074627, -0.5911949685534591, -0.5052631578947369, -0.5806451612903226, -0.6285714285714286, -0.591715976331361, -0.609271523178808, -0.5472636815920398, -0.48847926267281105, -0.5074626865671642, -0.5882352941176471, -0.5660377358490566, -0.5408163265306123, -0.5394736842105263, -0.5316455696202531, -0.5521472392638037, -0.6012269938650306],
