distanceMatrix = [
    [0, -20, -17, -20, -18, -17],
    [-20, 0, -15, -17, -16, -14],
    [-17, -15, 0, -17, -13, -15],
    [-20, -17, -17, 0, -16, -15],
    [-18, -16, -13, -16, 0, -13],
    [-17, -14, -15, -15, -13, 0, ]
]